 -1.000000E+00     1     1  3.133245E+04
 -1.000000E+00     1     2  2.642445E+01
 -1.000000E+00     1     3  2.905363E+00
 -1.000000E+00     1     4 -2.315792E+02
 -1.000000E+00     1     5 -3.311259E+05
 -1.000000E+00     1     6  2.998164E+02
 -1.000000E+00     2     1 -4.423102E+00
 -1.000000E+00     2     2  3.132179E+04
 -1.000000E+00     2     3  4.147545E-01
 -1.000000E+00     2     4  3.314322E+05
 -1.000000E+00     2     5 -2.415331E+02
 -1.000000E+00     2     6  4.244553E+02
 -1.000000E+00     3     1  1.034110E+01
 -1.000000E+00     3     2 -1.891296E+00
 -1.000000E+00     3     3  2.238982E+04
 -1.000000E+00     3     4 -1.896285E+02
 -1.000000E+00     3     5  1.356495E+02
 -1.000000E+00     3     6 -2.039543E+03
 -1.000000E+00     4     1  9.791764E+02
 -1.000000E+00     4     2  3.352269E+05
 -1.000000E+00     4     3 -1.932420E+02
 -1.000000E+00     4     4  2.411445E+07
 -1.000000E+00     4     5 -1.984602E+04
 -1.000000E+00     4     6  2.172510E+04
 -1.000000E+00     5     1 -3.345586E+05
 -1.000000E+00     5     2  1.286202E+03
 -1.000000E+00     5     3  3.010495E+02
 -1.000000E+00     5     4  2.715632E+04
 -1.000000E+00     5     5  2.412206E+07
 -1.000000E+00     5     6 -2.462670E+04
 -1.000000E+00     6     1  3.273152E+02
 -1.000000E+00     6     2  3.100756E+02
 -1.000000E+00     6     3  4.268277E+02
 -1.000000E+00     6     4  1.442828E+04
 -1.000000E+00     6     5 -1.417649E+04
 -1.000000E+00     6     6  7.307755E+07
  0.000000E+00     1     1  2.174087E+04
  0.000000E+00     1     2 -6.164529E+00
  0.000000E+00     1     3  1.142741E+00
  0.000000E+00     1     4 -1.182727E+02
  0.000000E+00     1     5 -2.337485E+05
  0.000000E+00     1     6  1.641603E+02
  0.000000E+00     2     1  1.869073E+01
  0.000000E+00     2     2  2.173383E+04
  0.000000E+00     2     3  5.278398E+00
  0.000000E+00     2     4  2.338890E+05
  0.000000E+00     2     5 -3.918613E+02
  0.000000E+00     2     6  2.529779E+02
  0.000000E+00     3     1  9.821121E+00
  0.000000E+00     3     2  3.805175E+00
  0.000000E+00     3     3  1.990158E+04
  0.000000E+00     3     4  5.723826E+01
  0.000000E+00     3     5  2.802827E+02
  0.000000E+00     3     6 -1.242733E+03
  0.000000E+00     4     1  9.143782E+02
  0.000000E+00     4     2  2.340573E+05
  0.000000E+00     4     3  4.471198E+01
  0.000000E+00     4     4  1.836567E+07
  0.000000E+00     4     5 -2.142029E+04
  0.000000E+00     4     6  1.952102E+03
  0.000000E+00     5     1 -2.338607E+05
  0.000000E+00     5     2  8.867456E+02
  0.000000E+00     5     3  4.619853E+02
  0.000000E+00     5     4  1.628949E+04
  0.000000E+00     5     5  1.838049E+07
  0.000000E+00     5     6 -1.187118E+04
  0.000000E+00     6     1  1.139405E+02
  0.000000E+00     6     2  1.784123E+02
  0.000000E+00     6     3 -5.887903E+01
  0.000000E+00     6     4  5.553958E+03
  0.000000E+00     6     5 -5.707938E+03
  0.000000E+00     6     6  5.445318E+07
  1.000000E+00     1     1  2.183247E+04  5.235003E+00
  1.000000E+00     1     2  1.488334E+02  1.348348E+00
  1.000000E+00     1     3 -1.107074E+01 -1.380455E+00
  1.000000E+00     1     4 -1.966635E+02  1.348275E+01
  1.000000E+00     1     5 -2.301267E+05  1.978601E+01
  1.000000E+00     1     6 -5.897766E+01 -3.433774E-01
  1.000000E+00     2     1 -1.876289E+02 -2.007645E+00
  1.000000E+00     2     2  2.184179E+04  6.207597E+00
  1.000000E+00     2     3  3.217739E+01 -1.133988E+00
  1.000000E+00     2     4  2.309415E+05 -1.689090E+01
  1.000000E+00     2     5  7.788927E+02  1.601229E+01
  1.000000E+00     2     6  7.297357E+02 -1.612823E+00
  1.000000E+00     3     1  4.195945E+00  6.760125E-01
  1.000000E+00     3     2  8.674315E+00 -3.127838E-01
  1.000000E+00     3     3  1.977465E+04  7.584867E+00
  1.000000E+00     3     4  3.196386E+02  1.638141E+01
  1.000000E+00     3     5  3.815167E+02 -3.138304E+00
  1.000000E+00     3     6 -3.996065E+03  2.310741E+01
  1.000000E+00     4     1  5.739028E+02 -3.250838E+01
  1.000000E+00     4     2  2.298518E+05 -6.744832E+01
  1.000000E+00     4     3  4.384046E+02  9.230106E-01
  1.000000E+00     4     4  1.816936E+07  3.870918E+03
  1.000000E+00     4     5 -2.638222E+04 -1.138478E+03
  1.000000E+00     4     6  2.796621E+02 -4.984798E+02
  1.000000E+00     5     1 -2.296022E+05  3.043789E+01
  1.000000E+00     5     2  7.828969E+02 -3.678859E+01
  1.000000E+00     5     3  5.772325E+02  1.320452E+01
  1.000000E+00     5     4  1.710636E+04 -9.994299E+02
  1.000000E+00     5     5  1.818159E+07  6.179639E+03
  1.000000E+00     5     6 -1.154866E+04 -1.896166E+02
  1.000000E+00     6     1  1.162756E+03 -7.339753E+00
  1.000000E+00     6     2  1.141906E+03  9.167975E+00
  1.000000E+00     6     3  3.614679E+03 -2.803845E+01
  1.000000E+00     6     4  4.269276E+04 -5.527364E+02
  1.000000E+00     6     5 -4.867259E+04  3.062510E+01
  1.000000E+00     6     6  5.502399E+07  9.460505E+03
  2.000000E+00     1     1  2.087712E+04  1.201445E+02
  2.000000E+00     1     2  2.529519E+01 -7.192747E+00
  2.000000E+00     1     3 -1.752420E+00  1.223500E+00
  2.000000E+00     1     4 -1.685800E+02 -6.448945E+01
  2.000000E+00     1     5 -2.277579E+05  5.786057E+02
  2.000000E+00     1     6  2.719813E+02  3.476756E+01
  2.000000E+00     2     1 -2.169649E+01 -1.105548E+00
  2.000000E+00     2     2  2.087149E+04  1.165220E+02
  2.000000E+00     2     3  7.311065E+00 -2.812732E+00
  2.000000E+00     2     4  2.280430E+05 -5.037692E+02
  2.000000E+00     2     5 -2.408571E+02 -4.668224E+01
  2.000000E+00     2     6  2.629077E+02 -1.962279E+02
  2.000000E+00     3     1  1.511185E+01  1.332038E+00
  2.000000E+00     3     2  2.598385E+00 -6.067095E-01
  2.000000E+00     3     3  1.935850E+04  8.295063E+01
  2.000000E+00     3     4  5.509664E+01 -1.112289E+02
  2.000000E+00     3     5  3.581489E+02  6.705994E+01
  2.000000E+00     3     6 -1.864504E+03 -9.091741E+01
  2.000000E+00     4     1  8.072380E+02  5.776835E+01
  2.000000E+00     4     2  2.284197E+05 -6.560085E+02
  2.000000E+00     4     3  7.146371E+01  3.926772E+01
  2.000000E+00     4     4  1.774668E+07  4.876592E+04
  2.000000E+00     4     5 -1.871949E+04 -1.231317E+03
  2.000000E+00     4     6 -1.697352E+03  7.024186E+03
  2.000000E+00     5     1 -2.284865E+05  9.559058E+02
  2.000000E+00     5     2  5.848287E+02 -6.014838E+01
  2.000000E+00     5     3  6.198482E+02  1.335085E+02
  2.000000E+00     5     4  2.181909E+04 -3.649441E+03
  2.000000E+00     5     5  1.776592E+07  5.059547E+04
  2.000000E+00     5     6 -9.074708E+03 -1.627320E+02
  2.000000E+00     6     1  5.825760E+02 -1.742820E+02
  2.000000E+00     6     2  5.107056E+02 -8.959065E+01
  2.000000E+00     6     3  8.787795E+02 -1.419985E+01
  2.000000E+00     6     4  1.227637E+04  5.080628E+03
  2.000000E+00     6     5 -1.883718E+04  2.592020E+03
  2.000000E+00     6     6  5.221714E+07  2.939187E+05
  3.000000E+00     1     1  1.952258E+04  4.056620E+02
  3.000000E+00     1     2  3.942276E+01  1.526987E+01
  3.000000E+00     1     3  8.045816E+00  5.550768E+00
  3.000000E+00     1     4 -2.074541E+02 -1.100465E+03
  3.000000E+00     1     5 -2.202623E+05  2.154145E+03
  3.000000E+00     1     6  2.839322E+02 -1.246277E+01
  3.000000E+00     2     1 -1.090184E+01 -9.883671E+00
  3.000000E+00     2     2  1.954837E+04  3.793322E+02
  3.000000E+00     2     3  1.783746E+01 -7.657999E+00
  3.000000E+00     2     4  2.213105E+05 -1.207990E+03
  3.000000E+00     2     5 -2.274762E+02  5.514635E+01
  3.000000E+00     2     6 -2.039089E+02  7.303170E+01
  3.000000E+00     3     1  3.694346E+01  8.820436E+00
  3.000000E+00     3     2  1.160495E+01 -3.894012E+00
  3.000000E+00     3     3  1.858341E+04  4.041943E+02
  3.000000E+00     3     4  2.714144E+02 -1.266456E+03
  3.000000E+00     3     5  9.397406E+02 -5.514799E+02
  3.000000E+00     3     6 -1.300419E+03  1.487825E+03
  3.000000E+00     4     1  9.142749E+02 -6.305462E+02
  3.000000E+00     4     2  2.233570E+05 -4.052132E+03
  3.000000E+00     4     3  3.208575E+02 -1.573651E+03
  3.000000E+00     4     4  1.687840E+07  3.017096E+05
  3.000000E+00     4     5 -2.929395E+04  2.055058E+04
  3.000000E+00     4     6 -3.632395E+03 -1.144197E+03
  3.000000E+00     5     1 -2.224561E+05  4.588644E+03
  3.000000E+00     5     2  1.706332E+03  2.154412E+02
  3.000000E+00     5     3  1.409724E+03 -8.574762E+02
  3.000000E+00     5     4  6.507068E+03 -2.403087E+03
  3.000000E+00     5     5  1.690443E+07  2.672522E+05
  3.000000E+00     5     6 -3.976855E+02  2.158412E+03
  3.000000E+00     6     1  9.978646E+02  3.463793E+01
  3.000000E+00     6     2 -8.448907E+02 -1.180546E+02
  3.000000E+00     6     3  3.066881E+02  7.720288E+02
  3.000000E+00     6     4 -1.225135E+04 -1.820995E+04
  3.000000E+00     6     5  1.378286E+04 -4.235774E+03
  3.000000E+00     6     6  4.881908E+07  1.716186E+06
  4.000000E+00     1     1  1.787666E+04  1.253440E+03
  4.000000E+00     1     2 -2.862915E+01  3.575478E+01
  4.000000E+00     1     3 -7.228283E+00  8.021657E+00
  4.000000E+00     1     4 -5.239670E+02  8.549631E+02
  4.000000E+00     1     5 -2.130839E+05  2.201938E+03
  4.000000E+00     1     6  7.417821E+02 -1.155325E+03
  4.000000E+00     2     1 -2.376736E+01  3.208929E+01
  4.000000E+00     2     2  1.786054E+04  1.299489E+03
  4.000000E+00     2     3 -3.745857E+00 -6.360433E+01
  4.000000E+00     2     4  2.111241E+05  7.593727E+01
  4.000000E+00     2     5 -4.834963E+02 -5.702472E+02
  4.000000E+00     2     6  3.153838E+02  3.953124E+02
  4.000000E+00     3     1 -1.744906E+01  1.110899E+01
  4.000000E+00     3     2  3.451419E+01 -2.127975E+01
  4.000000E+00     3     3  1.516275E+04  1.265699E+03
  4.000000E+00     3     4 -7.572692E+02  3.283976E+02
  4.000000E+00     3     5  2.435910E+03  6.149872E+02
  4.000000E+00     3     6 -3.083411E+03  1.029443E+03
  4.000000E+00     4     1 -2.284418E+02  5.082623E+02
  4.000000E+00     4     2  2.079524E+05  1.043632E+04
  4.000000E+00     4     3 -1.189653E+03  1.084540E+02
  4.000000E+00     4     4  1.540085E+07  1.485623E+06
  4.000000E+00     4     5 -1.531137E+03 -8.992955E+03
  4.000000E+00     4     6 -3.811789E+04 -7.518539E+03
  4.000000E+00     5     1 -2.096785E+05 -8.192675E+03
  4.000000E+00     5     2  1.599737E+03 -7.480878E+02
  4.000000E+00     5     3  3.184980E+03  1.348374E+03
  4.000000E+00     5     4  2.866542E+04 -4.132784E+04
  4.000000E+00     5     5  1.554842E+07  1.379130E+06
  4.000000E+00     5     6 -1.189157E+05  2.216854E+04
  4.000000E+00     6     1  2.790814E+02 -8.129123E+01
  4.000000E+00     6     2 -1.942942E+03  8.794452E+02
  4.000000E+00     6     3 -1.623628E+02  2.198378E+03
  4.000000E+00     6     4 -1.240024E+05 -9.244878E+03
  4.000000E+00     6     5 -9.490654E+03  1.890816E+04
  4.000000E+00     6     6  4.621308E+07  8.693706E+06
  5.000000E+00     1     1  1.652123E+04  4.456857E+03
  5.000000E+00     1     2  1.638636E+01  9.167936E+00
  5.000000E+00     1     3  1.133956E+01 -1.629617E+01
  5.000000E+00     1     4  9.002216E+02  9.481691E+02
  5.000000E+00     1     5 -1.365452E+05  9.350912E+03
  5.000000E+00     1     6 -2.344163E+02  4.917397E+02
  5.000000E+00     2     1 -2.742267E+01  2.891207E+01
  5.000000E+00     2     2  1.654531E+04  4.499694E+03
  5.000000E+00     2     3  2.507826E+01  3.904443E+01
  5.000000E+00     2     4  1.364311E+05 -1.119816E+04
  5.000000E+00     2     5  6.296796E+01  8.683300E+02
  5.000000E+00     2     6  9.757294E+02  1.537717E+03
  5.000000E+00     3     1  9.317562E+00 -1.008729E+00
  5.000000E+00     3     2 -3.122234E+01 -1.550005E+01
  5.000000E+00     3     3  1.634837E+04  3.905654E+03
  5.000000E+00     3     4 -1.414246E+02  9.489662E+02
  5.000000E+00     3     5  1.342771E+02 -6.772249E+02
  5.000000E+00     3     6  1.520441E+03 -1.462959E+01
  5.000000E+00     4     1  1.295975E+03 -3.348658E+02
  5.000000E+00     4     2  1.264738E+05  9.726678E+03
  5.000000E+00     4     3  5.353954E+01 -4.586718E+02
  5.000000E+00     4     4  1.239417E+07  3.726335E+06
  5.000000E+00     4     5 -3.172596E+04 -4.756784E+04
  5.000000E+00     4     6 -3.904349E+04  4.871152E+04
  5.000000E+00     5     1 -1.273465E+05 -1.182362E+04
  5.000000E+00     5     2  9.794924E+02 -1.221815E+03
  5.000000E+00     5     3  2.385292E+02 -2.043029E+01
  5.000000E+00     5     4 -1.227187E+04  2.348923E+04
  5.000000E+00     5     5  1.246552E+07  3.672665E+06
  5.000000E+00     5     6  4.939789E+04 -6.018605E+04
  5.000000E+00     6     1 -3.665536E+02  2.018005E+02
  5.000000E+00     6     2  8.119783E+02  1.634248E+03
  5.000000E+00     6     3 -7.112452E+02 -1.002788E+03
  5.000000E+00     6     4  1.983048E+03  2.050736E+04
  5.000000E+00     6     5  1.204545E+04 -2.574991E+04
  5.000000E+00     6     6  3.827029E+07  1.134299E+07
  6.000000E+00     1     1  1.286474E+04  1.369210E+04
  6.000000E+00     1     2 -8.252143E+01  2.450549E+01
  6.000000E+00     1     3 -2.890783E+01  4.259127E+00
  6.000000E+00     1     4 -1.822766E+02  1.081924E+03
  6.000000E+00     1     5 -5.137962E+04 -2.825247E+04
  6.000000E+00     1     6  8.979063E+02  2.262695E+03
  6.000000E+00     2     1  7.101160E+01 -3.941740E+01
  6.000000E+00     2     2  1.283916E+04  1.374991E+04
  6.000000E+00     2     3  2.356921E+01  9.597318E+00
  6.000000E+00     2     4  5.193193E+04  2.993219E+04
  6.000000E+00     2     5 -2.088531E+02 -3.180766E+01
  6.000000E+00     2     6 -7.433463E+02  4.732719E+02
  6.000000E+00     3     1 -3.391670E+01  5.850517E+00
  6.000000E+00     3     2  3.560580E+01  4.240237E+01
  6.000000E+00     3     3  1.739607E+04  8.776217E+03
  6.000000E+00     3     4  1.218209E+03  1.547654E+03
  6.000000E+00     3     5 -3.529774E+01  1.288232E+02
  6.000000E+00     3     6 -1.192480E+03 -1.586718E+03
  6.000000E+00     4     1 -8.202628E+01  4.763050E+02
  6.000000E+00     4     2  5.007891E+04  1.293764E+04
  6.000000E+00     4     3  1.466613E+03  1.417509E+03
  6.000000E+00     4     4  1.088809E+07  9.028205E+06
  6.000000E+00     4     5 -4.155798E+04 -4.778954E+04
  6.000000E+00     4     6  8.938602E+04  7.431394E+04
  6.000000E+00     5     1 -4.932073E+04 -1.068766E+04
  6.000000E+00     5     2  1.740426E+03  1.747632E+03
  6.000000E+00     5     3 -6.724792E+00 -5.145130E+01
  6.000000E+00     5     4 -1.807898E+04 -1.705872E+04
  6.000000E+00     5     5  1.089210E+07  8.991870E+06
  6.000000E+00     5     6 -1.091881E+05 -9.050434E+04
  6.000000E+00     6     1  2.292139E+02  5.322335E+02
  6.000000E+00     6     2 -1.711122E+03 -3.983843E+02
  6.000000E+00     6     3 -9.145537E+02  1.244263E+03
  6.000000E+00     6     4  5.039344E+04  3.267279E+04
  6.000000E+00     6     5 -1.935212E+04 -2.768944E+04
  6.000000E+00     6     6  4.769781E+07  3.356933E+07
  7.000000E+00     1     1  1.708888E+04  2.081395E+04
  7.000000E+00     1     2 -4.571990E+01  2.874199E+02
  7.000000E+00     1     3  2.311038E+01  6.932746E+00
  7.000000E+00     1     4 -4.275725E+02  2.838387E+03
  7.000000E+00     1     5  3.552846E+04 -3.367417E+05
  7.000000E+00     1     6  8.220327E+02  7.926653E+02
  7.000000E+00     2     1  6.608575E+01 -7.370119E+01
  7.000000E+00     2     2  1.711556E+04  2.078173E+04
  7.000000E+00     2     3  1.615872E+01  2.419993E+01
  7.000000E+00     2     4 -3.426030E+04  3.360568E+05
  7.000000E+00     2     5 -4.215390E+03 -8.586671E+02
  7.000000E+00     2     6  4.396202E+02  4.574248E+02
  7.000000E+00     3     1  2.253180E+01  1.120944E+01
  7.000000E+00     3     2  2.022432E+01  1.963893E+01
  7.000000E+00     3     3  2.441020E+04  1.040858E+04
  7.000000E+00     3     4  2.310317E+03 -6.075080E+01
  7.000000E+00     3     5  1.281206E+02 -2.954480E+02
  7.000000E+00     3     6 -3.711613E+02 -2.806781E+03
  7.000000E+00     4     1  4.517169E+03  1.142917E+03
  7.000000E+00     4     2 -5.117191E+04  3.604215E+05
  7.000000E+00     4     3  2.311281E+03 -4.437132E+01
  7.000000E+00     4     4  1.563708E+07  2.031798E+07
  7.000000E+00     4     5 -1.829470E+05 -1.916912E+04
  7.000000E+00     4     6  2.098509E+04  2.159555E+04
  7.000000E+00     5     1  5.233926E+04 -3.606041E+05
  7.000000E+00     5     2  6.251301E+02 -3.782970E+03
  7.000000E+00     5     3  5.648380E+01 -4.324640E+01
  7.000000E+00     5     4 -7.990877E+04 -1.441027E+04
  7.000000E+00     5     5  1.563694E+07  2.036010E+07
  7.000000E+00     5     6 -4.966989E+04 -2.064667E+04
  7.000000E+00     6     1 -1.022983E+02  6.158345E+02
  7.000000E+00     6     2 -1.499625E+02  6.105079E+02
  7.000000E+00     6     3  1.488973E+03  3.124219E+03
  7.000000E+00     6     4  1.473333E+04  2.052116E+04
  7.000000E+00     6     5 -4.391234E+03 -2.432116E+04
  7.000000E+00     6     6  5.027735E+07  4.391922E+07
  8.000000E+00     1     1  3.898286E+04  2.609974E+04
  8.000000E+00     1     2  1.161320E+02 -3.607336E+01
  8.000000E+00     1     3  6.789801E+00  5.670426E-01
  8.000000E+00     1     4 -3.023774E+02 -2.892805E+03
  8.000000E+00     1     5 -5.852918E+05 -3.603919E+05
  8.000000E+00     1     6  1.026823E+03 -5.835240E+02
  8.000000E+00     2     1 -3.455918E+01 -7.976387E+01
  8.000000E+00     2     2  3.894110E+04  2.610256E+04
  8.000000E+00     2     3 -9.824440E+00 -7.548127E+01
  8.000000E+00     2     4  5.852540E+05  3.607386E+05
  8.000000E+00     2     5  2.997341E+02  3.455112E+03
  8.000000E+00     2     6  1.806532E+02  4.955275E+02
  8.000000E+00     3     1  2.616362E+01  2.623683E+00
  8.000000E+00     3     2 -1.761889E+01 -8.674216E+01
  8.000000E+00     3     3  2.960844E+04  7.318614E+03
  8.000000E+00     3     4 -1.501674E+03 -3.771163E+03
  8.000000E+00     3     5 -3.392089E+01 -3.073113E+02
  8.000000E+00     3     6 -2.661081E+03 -3.108982E+03
  8.000000E+00     4     1  3.856511E+02 -1.650714E+03
  8.000000E+00     4     2  5.894196E+05  3.651383E+05
  8.000000E+00     4     3 -1.422486E+03 -3.598824E+03
  8.000000E+00     4     4  3.570707E+07  1.255692E+07
  8.000000E+00     4     5  2.483014E+04  1.119007E+05
  8.000000E+00     4     6  1.413427E+04  4.728014E+04
  8.000000E+00     5     1 -5.895496E+05 -3.635405E+05
  8.000000E+00     5     2  1.380816E+03  4.749345E+03
  8.000000E+00     5     3  3.253547E+02 -3.421703E+02
  8.000000E+00     5     4  8.894830E+04  1.403158E+05
  8.000000E+00     5     5  3.573177E+07  1.253009E+07
  8.000000E+00     5     6 -3.513657E+04  1.466839E+04
  8.000000E+00     6     1  6.547123E+02  6.569961E+02
  8.000000E+00     6     2  5.526967E+02  5.276633E+02
  8.000000E+00     6     3  1.059874E+03  7.694435E+02
  8.000000E+00     6     4  3.130025E+04  1.196714E+04
  8.000000E+00     6     5 -2.749981E+04 -2.059045E+04
  8.000000E+00     6     6  8.193398E+07  5.402015E+07
  9.000000E+00     1     1  4.047602E+04  4.927197E+03
  9.000000E+00     1     2  6.209959E+01  2.793086E+01
  9.000000E+00     1     3  1.960461E+00 -7.747687E-01
  9.000000E+00     1     4 -5.568665E+02 -3.585212E+02
  9.000000E+00     1     5 -3.611676E+05  1.384067E+04
  9.000000E+00     1     6  2.675928E+01 -2.653839E+02
  9.000000E+00     2     1 -5.975261E+01 -1.332873E+01
  9.000000E+00     2     2  4.047008E+04  4.919977E+03
  9.000000E+00     2     3 -2.243832E+01  5.459629E-01
  9.000000E+00     2     4  3.615535E+05 -1.392368E+04
  9.000000E+00     2     5  9.763403E+02 -2.124662E+02
  9.000000E+00     2     6  6.453407E+02  7.996896E+01
  9.000000E+00     3     1  1.315049E+01 -4.984392E+00
  9.000000E+00     3     2 -3.086549E+01 -4.411756E-01
  9.000000E+00     3     3  2.844586E+04  1.919765E+03
  9.000000E+00     3     4 -1.525609E+03 -5.339010E+02
  9.000000E+00     3     5 -4.822265E+01 -1.711869E+02
  9.000000E+00     3     6 -3.674569E+03 -1.346961E+03
  9.000000E+00     4     1  4.629596E+02  4.421370E+02
  9.000000E+00     4     2  3.625924E+05 -3.568583E+03
  9.000000E+00     4     3 -1.476786E+03 -5.418848E+02
  9.000000E+00     4     4  2.791065E+07  4.720404E+06
  9.000000E+00     4     5  8.754172E+03  3.378177E+03
  9.000000E+00     4     6  4.296561E+04  3.090579E+04
  9.000000E+00     5     1 -3.612597E+05  4.033918E+03
  9.000000E+00     5     2  2.281323E+03  3.263241E+02
  9.000000E+00     5     3  1.273652E+02 -2.203399E+02
  9.000000E+00     5     4  5.952815E+04  1.215021E+04
  9.000000E+00     5     5  2.791659E+07  4.720120E+06
  9.000000E+00     5     6 -2.157677E+04 -9.002200E+03
  9.000000E+00     6     1  5.614703E+02  4.378761E+01
  9.000000E+00     6     2  5.702510E+02  4.965115E+01
  9.000000E+00     6     3  9.119380E+02  2.671606E+02
  9.000000E+00     6     4  2.382864E+04  2.108103E+03
  9.000000E+00     6     5 -2.252924E+04 -7.421012E+03
  9.000000E+00     6     6  1.019109E+08  2.975488E+07
  1.000000E+01     1     1  3.315643E+04  3.952173E+03
  1.000000E+01     1     2  5.385507E+01  1.246719E+01
  1.000000E+01     1     3  1.696887E+00  2.369324E+00
  1.000000E+01     1     4 -4.845605E+02 -1.541006E+02
  1.000000E+01     1     5 -2.901394E+05 -1.013861E+05
  1.000000E+01     1     6  1.127786E+02  7.810644E+01
  1.000000E+01     2     1 -2.802099E+01 -3.348641E+00
  1.000000E+01     2     2  3.314121E+04  3.948076E+03
  1.000000E+01     2     3 -4.722945E+00 -9.081773E-01
  1.000000E+01     2     4  2.904489E+05  1.014284E+05
  1.000000E+01     2     5  2.708102E+01 -4.337771E+01
  1.000000E+01     2     6  3.906587E+02  9.959176E+01
  1.000000E+01     3     1  9.917163E+00 -1.541670E+00
  1.000000E+01     3     2 -1.002893E+01 -2.771725E-01
  1.000000E+01     3     3  2.622112E+04  1.249883E+03
  1.000000E+01     3     4 -8.942521E+02 -1.742688E+02
  1.000000E+01     3     5 -2.707884E+01 -7.020992E+01
  1.000000E+01     3     6 -3.186888E+03 -5.317769E+02
  1.000000E+01     4     1  9.253942E+02  1.385782E+02
  1.000000E+01     4     2  2.963775E+05  1.102270E+05
  1.000000E+01     4     3 -8.839651E+02 -1.629626E+02
  1.000000E+01     4     4  2.804414E+07  5.149180E+06
  1.000000E+01     4     5 -4.038902E+03  3.224198E+03
  1.000000E+01     4     6  4.316534E+04  1.712149E+04
  1.000000E+01     5     1 -2.954256E+05 -1.100075E+05
  1.000000E+01     5     2  1.548404E+03  1.344780E+02
  1.000000E+01     5     3  1.193216E+02 -8.870290E+01
  1.000000E+01     5     4  4.009316E+04  1.125674E+04
  1.000000E+01     5     5  2.805405E+07  5.145188E+06
  1.000000E+01     5     6 -3.023814E+04 -9.931097E+03
  1.000000E+01     6     1  3.583469E+02  9.947742E+01
  1.000000E+01     6     2  3.797501E+02  2.193854E+01
  1.000000E+01     6     3  7.224964E+02  2.800829E+02
  1.000000E+01     6     4  2.050414E+04  2.691004E+03
  1.000000E+01     6     5 -2.101151E+04 -6.682221E+03
  1.000000E+01     6     6  9.765654E+07  1.154262E+07
  1.100000E+01     1     1  3.199277E+04  5.168120E+03
  1.100000E+01     1     2  4.710217E+01  8.561036E+00
  1.100000E+01     1     3  3.380013E+00  2.676598E+00
  1.100000E+01     1     4 -3.845731E+02 -8.387251E+01
  1.100000E+01     1     5 -3.362973E+05 -1.272452E+05
  1.100000E+01     1     6  2.281083E+02  1.379259E+02
  1.100000E+01     2     1 -2.013367E+01 -4.216484E+00
  1.100000E+01     2     2  3.197819E+04  5.167474E+03
  1.100000E+01     2     3 -3.303056E+00 -2.633328E+00
  1.100000E+01     2     4  3.366245E+05  1.273060E+05
  1.100000E+01     2     5 -5.265179E+01  5.480292E+01
  1.100000E+01     2     6  4.216503E+02  1.646656E+02
  1.100000E+01     3     1  9.987420E+00 -1.704929E-01
  1.100000E+01     3     2 -7.253866E+00 -1.979213E+00
  1.100000E+01     3     3  2.582058E+04  1.358586E+03
  1.100000E+01     3     4 -6.454077E+02 -8.717178E+01
  1.100000E+01     3     5  1.517692E+01 -3.089174E+01
  1.100000E+01     3     6 -2.883371E+03 -3.129488E+02
  1.100000E+01     4     1  9.266801E+02  7.744569E+01
  1.100000E+01     4     2  3.438472E+05  1.333430E+05
  1.100000E+01     4     3 -6.314912E+02 -6.701447E+01
  1.100000E+01     4     4  2.837479E+07  3.673017E+06
  1.100000E+01     4     5 -9.076263E+03 -4.127592E+02
  1.100000E+01     4     6  3.977890E+04  9.063733E+03
  1.100000E+01     5     1 -3.429991E+05 -1.331325E+05
  1.100000E+01     5     2  1.388843E+03  2.263201E+02
  1.100000E+01     5     3  1.686381E+02 -1.985794E+01
  1.100000E+01     5     4  3.815851E+04  1.123524E+04
  1.100000E+01     5     5  2.838268E+07  3.667634E+06
  1.100000E+01     5     6 -3.192055E+04 -6.201351E+03
  1.100000E+01     6     1  3.623442E+02  1.442444E+02
  1.100000E+01     6     2  3.477302E+02  5.541226E+01
  1.100000E+01     6     3  7.524244E+02  2.690226E+02
  1.100000E+01     6     4  1.969474E+04  2.194482E+03
  1.100000E+01     6     5 -2.071423E+04 -4.763145E+03
  1.100000E+01     6     6  9.082390E+07  4.544974E+06
  1.200000E+01     1     1  3.224200E+04  5.405183E+03
  1.200000E+01     1     2  4.268214E+01  6.289218E+00
  1.200000E+01     1     3  4.143550E+00  1.928452E+00
  1.200000E+01     1     4 -3.449951E+02 -6.356432E+01
  1.200000E+01     1     5 -3.677718E+05 -1.104590E+05
  1.200000E+01     1     6  2.913648E+02  1.278172E+02
  1.200000E+01     2     1 -1.671680E+01 -3.903256E+00
  1.200000E+01     2     2  3.222884E+04  5.405766E+03
  1.200000E+01     2     3 -3.088161E+00 -2.318428E+00
  1.200000E+01     2     4  3.681113E+05  1.105189E+05
  1.200000E+01     2     5 -7.992059E+01  5.268751E+01
  1.200000E+01     2     6  4.638753E+02  1.538832E+02
  1.200000E+01     3     1  1.019502E+01  1.504237E-01
  1.200000E+01     3     2 -6.362296E+00 -1.819865E+00
  1.200000E+01     3     3  2.577167E+04  9.774814E+02
  1.200000E+01     3     4 -5.222462E+02 -5.276824E+01
  1.200000E+01     3     5  4.372212E+01 -1.445783E+01
  1.200000E+01     3     6 -2.719752E+03 -1.950663E+02
  1.200000E+01     4     1  9.382611E+02  7.190150E+01
  1.200000E+01     4     2  3.753485E+05  1.146541E+05
  1.200000E+01     4     3 -5.023112E+02 -3.689463E+01
  1.200000E+01     4     4  2.802588E+07  2.385491E+06
  1.200000E+01     4     5 -1.294716E+04 -1.471516E+03
  1.200000E+01     4     6  3.605951E+04  4.981663E+03
  1.200000E+01     5     1 -3.745283E+05 -1.144562E+05
  1.200000E+01     5     2  1.384212E+03  2.504592E+02
  1.200000E+01     5     3  2.133928E+02  1.535721E+00
  1.200000E+01     5     4  3.776054E+04  8.748854E+03
  1.200000E+01     5     5  2.803209E+07  2.380784E+06
  1.200000E+01     5     6 -3.134112E+04 -3.717786E+03
  1.200000E+01     6     1  3.833878E+02  1.387700E+02
  1.200000E+01     6     2  3.495392E+02  6.145261E+01
  1.200000E+01     6     3  7.690581E+02  1.843635E+02
  1.200000E+01     6     4  1.893398E+04  1.517010E+03
  1.200000E+01     6     5 -1.994130E+04 -3.183651E+03
  1.200000E+01     6     6  8.605392E+07  1.973927E+06
  1.300000E+01     1     1  3.261034E+04  5.124163E+03
  1.300000E+01     1     2  3.954234E+01  4.994512E+00
  1.300000E+01     1     3  4.276320E+00  1.242727E+00
  1.300000E+01     1     4 -3.251840E+02 -4.783524E+01
  1.300000E+01     1     5 -3.807973E+05 -8.731413E+04
  1.300000E+01     1     6  3.205186E+02  1.057693E+02
  1.300000E+01     2     1 -1.458585E+01 -3.347637E+00
  1.300000E+01     2     2  3.259823E+04  5.124998E+03
  1.300000E+01     2     3 -2.755792E+00 -1.730809E+00
  1.300000E+01     2     4  3.811425E+05  8.736579E+04
  1.300000E+01     2     5 -1.046089E+02  3.901261E+01
  1.300000E+01     2     6  4.839508E+02  1.268112E+02
  1.300000E+01     3     1  1.025589E+01  2.352065E-01
  1.300000E+01     3     2 -5.685328E+00 -1.389648E+00
  1.300000E+01     3     3  2.551078E+04  5.011466E+02
  1.300000E+01     3     4 -4.491222E+02 -3.169163E+01
  1.300000E+01     3     5  6.353796E+01 -6.578601E+00
  1.300000E+01     3     6 -2.601438E+03 -1.133374E+02
  1.300000E+01     4     1  9.518518E+02  6.775278E+01
  1.300000E+01     4     2  3.880474E+05  9.029283E+04
  1.300000E+01     4     3 -4.268897E+02 -2.282450E+01
  1.300000E+01     4     4  2.748404E+07  1.539744E+06
  1.300000E+01     4     5 -1.525744E+04 -1.467907E+03
  1.300000E+01     4     6  3.312015E+04  2.929861E+03
  1.300000E+01     5     1 -3.872372E+05 -9.011692E+04
  1.300000E+01     5     2  1.395159E+03  2.335997E+02
  1.300000E+01     5     3  2.425288E+02  3.773388E+00
  1.300000E+01     5     4  3.679305E+04  6.319016E+03
  1.300000E+01     5     5  2.748951E+07  1.536090E+06
  1.300000E+01     5     6 -3.034539E+04 -2.302536E+03
  1.300000E+01     6     1  3.954119E+02  1.190148E+02
  1.300000E+01     6     2  3.516689E+02  5.613235E+01
  1.300000E+01     6     3  7.436674E+02  1.033748E+02
  1.300000E+01     6     4  1.824051E+04  1.026185E+03
  1.300000E+01     6     5 -1.911347E+04 -2.139325E+03
  1.300000E+01     6     6  8.294721E+07  9.460597E+05
  1.400000E+01     1     1  3.287079E+04  4.670499E+03
  1.400000E+01     1     2  3.732118E+01  4.206838E+00
  1.400000E+01     1     3  4.169444E+00  7.809100E-01
  1.400000E+01     1     4 -3.107224E+02 -3.515684E+01
  1.400000E+01     1     5 -3.837688E+05 -6.751662E+04
  1.400000E+01     1     6  3.324952E+02  8.549535E+01
  1.400000E+01     2     1 -1.306561E+01 -2.816727E+00
  1.400000E+01     2     2  3.285932E+04  4.671241E+03
  1.400000E+01     2     3 -2.365960E+00 -1.241504E+00
  1.400000E+01     2     4  3.841165E+05  6.755891E+04
  1.400000E+01     2     5 -1.259320E+02  2.773870E+01
  1.400000E+01     2     6  4.893041E+02  1.018684E+02
  1.400000E+01     3     1  1.027615E+01  2.823399E-01
  1.400000E+01     3     2 -5.107401E+00 -1.019793E+00
  1.400000E+01     3     3  2.511646E+04  1.789195E+02
  1.400000E+01     3     4 -3.983657E+02 -1.768854E+01
  1.400000E+01     3     5  7.800606E+01 -2.871767E+00
  1.400000E+01     3     6 -2.506742E+03 -5.935921E+01
  1.400000E+01     4     1  9.626536E+02  6.250028E+01
  1.400000E+01     4     2  3.906345E+05  6.971102E+04
  1.400000E+01     4     3 -3.787115E+02 -1.451387E+01
  1.400000E+01     4     4  2.696322E+07  1.015073E+06
  1.400000E+01     4     5 -1.660817E+04 -1.228229E+03
  1.400000E+01     4     6  3.094727E+04  1.838396E+03
  1.400000E+01     5     1 -3.898336E+05 -6.955769E+04
  1.400000E+01     5     2  1.399714E+03  2.064262E+02
  1.400000E+01     5     3  2.596669E+02  9.973564E-01
  1.400000E+01     5     4  3.560141E+04  4.531225E+03
  1.400000E+01     5     5  2.696852E+07  1.012330E+06
  1.400000E+01     5     6 -2.942155E+04 -1.491511E+03
  1.400000E+01     6     1  3.987529E+02  9.925946E+01
  1.400000E+01     6     2  3.520986E+02  4.815421E+01
  1.400000E+01     6     3  7.018101E+02  4.782105E+01
  1.400000E+01     6     4  1.764771E+04  7.089707E+02
  1.400000E+01     6     5 -1.836728E+04 -1.476290E+03
  1.400000E+01     6     6  8.086564E+07  4.932550E+05
  1.500000E+01     1     1  3.301884E+04  4.192471E+03
  1.500000E+01     1     2  3.570709E+01  3.650987E+00
  1.500000E+01     1     3  4.010470E+00  4.913880E-01
  1.500000E+01     1     4 -2.991187E+02 -2.587653E+01
  1.500000E+01     1     5 -3.821523E+05 -5.232445E+04
  1.500000E+01     1     6  3.372470E+02  6.935146E+01
  1.500000E+01     2     1 -1.189004E+01 -2.357569E+00
  1.500000E+01     2     2  3.300780E+04  4.193026E+03
  1.500000E+01     2     3 -2.012499E+00 -8.873470E-01
  1.500000E+01     2     4  3.824989E+05  5.235882E+04
  1.500000E+01     2     5 -1.435333E+02  1.974866E+01
  1.500000E+01     2     6  4.885739E+02  8.212653E+01
  1.500000E+01     3     1  1.029982E+01  3.116277E-01
  1.500000E+01     3     2 -4.629623E+00 -7.539828E-01
  1.500000E+01     3     3  2.471573E+04  2.870835E+01
  1.500000E+01     3     4 -3.613805E+02 -8.719088E+00
  1.500000E+01     3     5  8.882789E+01 -1.158201E+00
  1.500000E+01     3     6 -2.430500E+03 -2.531919E+01
  1.500000E+01     4     1  9.700785E+02  5.700071E+01
  1.500000E+01     4     2  3.886635E+05  5.399691E+04
  1.500000E+01     4     3 -3.445523E+02 -9.346107E+00
  1.500000E+01     4     4  2.652157E+07  6.890195E+05
  1.500000E+01     4     5 -1.744324E+04 -9.841323E+02
  1.500000E+01     4     6  2.933317E+04  1.219045E+03
  1.500000E+01     5     1 -3.878726E+05 -5.386403E+04
  1.500000E+01     5     2  1.399093E+03  1.801454E+02
  1.500000E+01     5     3  2.698022E+02 -2.205302E+00
  1.500000E+01     5     4  3.449326E+04  3.303758E+03
  1.500000E+01     5     5  2.652695E+07  6.869526E+05
  1.500000E+01     5     6 -2.867944E+04 -1.010020E+03
  1.500000E+01     6     1  3.965933E+02  8.248005E+01
  1.500000E+01     6     2  3.511000E+02  4.062854E+01
  1.500000E+01     6     3  6.599279E+02  1.385585E+01
  1.500000E+01     6     4  1.717703E+04  5.016572E+02
  1.500000E+01     6     5 -1.772679E+04 -1.049982E+03
  1.500000E+01     6     6  7.940966E+07  2.756704E+05
  1.600000E+01     1     1  3.308503E+04  3.745461E+03
  1.600000E+01     1     2  3.448927E+01  3.223320E+00
  1.600000E+01     1     3  3.859173E+00  3.083860E-01
  1.600000E+01     1     4 -2.896461E+02 -1.929708E+01
  1.600000E+01     1     5 -3.787020E+05 -4.099662E+04
  1.600000E+01     1     6  3.379298E+02  5.688194E+01
  1.600000E+01     2     1 -1.094245E+01 -1.981533E+00
  1.600000E+01     2     2  3.307420E+04  3.745839E+03
  1.600000E+01     2     3 -1.687322E+00 -6.385580E-01
  1.600000E+01     2     4  3.790463E+05  4.102469E+04
  1.600000E+01     2     5 -1.578442E+02  1.429100E+01
  1.600000E+01     2     6  4.855419E+02  6.703080E+01
  1.600000E+01     3     1  1.032674E+01  3.243651E-01
  1.600000E+01     3     2 -4.242500E+00 -5.707819E-01
  1.600000E+01     3     3  2.436826E+04  1.069829E+00
  1.600000E+01     3     4 -3.337689E+02 -3.088526E+00
  1.600000E+01     3     5  9.626678E+01 -3.034413E-01
  1.600000E+01     3     6 -2.369341E+03 -4.372296E+00
  1.600000E+01     4     1  9.755668E+02  5.177520E+01
  1.600000E+01     4     2  3.849098E+05  4.230945E+04
  1.600000E+01     4     3 -3.200196E+02 -6.085532E+00
  1.600000E+01     4     4  2.616180E+07  4.819951E+05
  1.600000E+01     4     5 -1.796762E+04 -7.815087E+02
  1.600000E+01     4     6  2.810931E+04  8.469127E+02
  1.600000E+01     5     1 -3.841274E+05 -4.219394E+04
  1.600000E+01     5     2  1.395376E+03  1.573139E+02
  1.600000E+01     5     3  2.756654E+02 -4.656964E+00
  1.600000E+01     5     4  3.351862E+04  2.463440E+03
  1.600000E+01     5     5  2.616737E+07  4.804156E+05
  1.600000E+01     5     6 -2.807657E+04 -7.105862E+02
  1.600000E+01     6     1  3.929933E+02  6.901569E+01
  1.600000E+01     6     2  3.484232E+02  3.427216E+01
  1.600000E+01     6     3  6.230954E+02 -6.000637E+00
  1.600000E+01     6     4  1.678495E+04  3.649238E+02
  1.600000E+01     6     5 -1.723151E+04 -7.681296E+02
  1.600000E+01     6     6  7.834894E+07  1.631234E+05
  1.700000E+01     1     1  3.309704E+04  3.346410E+03
  1.700000E+01     1     2  3.353053E+01  2.871022E+00
  1.700000E+01     1     3  3.728524E+00  1.915632E-01
  1.700000E+01     1     4 -2.816633E+02 -1.462973E+01
  1.700000E+01     1     5 -3.747073E+05 -3.256685E+04
  1.700000E+01     1     6  3.367811E+02  4.725273E+01
  1.700000E+01     2     1 -1.017792E+01 -1.677184E+00
  1.700000E+01     2     2  3.308633E+04  3.346644E+03
  1.700000E+01     2     3 -1.408785E+00 -4.628903E-01
  1.700000E+01     2     4  3.750479E+05  3.259004E+04
  1.700000E+01     2     5 -1.694161E+02  1.050478E+01
  1.700000E+01     2     6  4.814164E+02  5.550335E+01
  1.700000E+01     3     1  1.034635E+01  3.267439E-01
  1.700000E+01     3     2 -3.918437E+00 -4.408505E-01
  1.700000E+01     3     3  2.408879E+04  4.783363E+01
  1.700000E+01     3     4 -3.113656E+02  4.263225E-01
  1.700000E+01     3     5  1.018702E+02  5.335538E-02
  1.700000E+01     3     6 -2.320365E+03  8.400593E+00
  1.700000E+01     4     1  9.798321E+02  4.705762E+01
  1.700000E+01     4     2  3.806589E+05  3.362336E+04
  1.700000E+01     4     3 -3.006157E+02 -3.970774E+00
  1.700000E+01     4     4  2.587163E+07  3.468758E+05
  1.700000E+01     4     5 -1.834719E+04 -6.260601E+02
  1.700000E+01     4     6  2.717212E+04  6.117037E+02
  1.700000E+01     5     1 -3.798852E+05 -3.352240E+04
  1.700000E+01     5     2  1.390323E+03  1.380908E+02
  1.700000E+01     5     3  2.793843E+02 -6.340427E+00
  1.700000E+01     5     4  3.269674E+04  1.879056E+03
  1.700000E+01     5     5  2.587735E+07  3.456476E+05
  1.700000E+01     5     6 -2.758565E+04 -5.173492E+02
  1.700000E+01     6     1  3.875178E+02  5.827935E+01
  1.700000E+01     6     2  3.460900E+02  2.900266E+01
  1.700000E+01     6     3  5.924526E+02 -1.726914E+01
  1.700000E+01     6     4  1.647386E+04  2.732090E+02
  1.700000E+01     6     5 -1.681490E+04 -5.758857E+02
  1.700000E+01     6     6  7.754910E+07  1.012006E+05
  1.800000E+01     1     1  3.307477E+04  2.997033E+03
  1.800000E+01     1     2  3.276348E+01  2.574059E+00
  1.800000E+01     1     3  3.604756E+00  1.147906E-01
  1.800000E+01     1     4 -2.750370E+02 -1.128460E+01
  1.800000E+01     1     5 -3.707448E+05 -2.624155E+04
  1.800000E+01     1     6  3.346346E+02  3.975476E+01
  1.800000E+01     2     1 -9.541772E+00 -1.433405E+00
  1.800000E+01     2     2  3.306408E+04  2.997152E+03
  1.800000E+01     2     3 -1.178539E+00 -3.404368E-01
  1.800000E+01     2     4  3.710821E+05  2.626099E+04
  1.800000E+01     2     5 -1.789354E+02  7.888109E+00
  1.800000E+01     2     6  4.771884E+02  4.660945E+01
  1.800000E+01     3     1  1.036286E+01  3.224157E-01
  1.800000E+01     3     2 -3.656588E+00 -3.462860E-01
  1.800000E+01     3     3  2.387321E+04  1.354632E+02
  1.800000E+01     3     4 -2.940010E+02  2.618654E+00
  1.800000E+01     3     5  1.065345E+02  2.147564E-01
  1.800000E+01     3     6 -2.280810E+03  1.603313E+01
  1.800000E+01     4     1  9.825243E+02  4.279616E+01
  1.800000E+01     4     2  3.764824E+05  2.710982E+04
  1.800000E+01     4     3 -2.854832E+02 -2.730152E+00
  1.800000E+01     4     4  2.563687E+07  2.561560E+05
  1.800000E+01     4     5 -1.861907E+04 -5.060443E+02
  1.800000E+01     4     6  2.643716E+04  4.562855E+02
  1.800000E+01     5     1 -3.757165E+05 -2.702079E+04
  1.800000E+01     5     2  1.384560E+03  1.218877E+02
  1.800000E+01     5     3  2.820788E+02 -7.378021E+00
  1.800000E+01     5     4  3.199810E+04  1.463062E+03
  1.800000E+01     5     5  2.564275E+07  2.551857E+05
  1.800000E+01     5     6 -2.719804E+04 -3.876097E+02
  1.800000E+01     6     1  3.837976E+02  4.975814E+01
  1.800000E+01     6     2  3.429470E+02  2.481827E+01
  1.800000E+01     6     3  5.675670E+02 -2.344528E+01
  1.800000E+01     6     4  1.622511E+04  2.085713E+02
  1.800000E+01     6     5 -1.647881E+04 -4.443188E+02
  1.800000E+01     6     6  7.692883E+07  6.531878E+04
  1.900000E+01     1     1  3.303167E+04  2.693435E+03
  1.900000E+01     1     2  3.212809E+01  2.318336E+00
  1.900000E+01     1     3  3.514752E+00  6.342697E-02
  1.900000E+01     1     4 -2.695211E+02 -8.845879E+00
  1.900000E+01     1     5 -3.670533E+05 -2.143724E+04
  1.900000E+01     1     6  3.327833E+02  3.388234E+01
  1.900000E+01     2     1 -9.006105E+00 -1.233914E+00
  1.900000E+01     2     2  3.302106E+04  2.693476E+03
  1.900000E+01     2     3 -9.869581E-01 -2.502174E-01
  1.900000E+01     2     4  3.673879E+05  2.145378E+04
  1.900000E+01     2     5 -1.865697E+02  6.022602E+00
  1.900000E+01     2     6  4.726154E+02  3.962629E+01
  1.900000E+01     3     1  1.038454E+01  3.121469E-01
  1.900000E+01     3     2 -3.436252E+00 -2.783554E-01
  1.900000E+01     3     3  2.371170E+04  2.430402E+02
  1.900000E+01     3     4 -2.800659E+02  3.914833E+00
  1.900000E+01     3     5  1.098327E+02  2.543388E-01
  1.900000E+01     3     6 -2.248706E+03  2.046964E+01
  1.900000E+01     4     1  9.848241E+02  3.896986E+01
  1.900000E+01     4     2  3.726111E+05  2.216367E+04
  1.900000E+01     4     3 -2.732614E+02 -1.821442E+00
  1.900000E+01     4     4  2.544555E+07  1.935866E+05
  1.900000E+01     4     5 -1.881933E+04 -4.141468E+02
  1.900000E+01     4     6  2.582890E+04  3.492269E+02
  1.900000E+01     5     1 -3.718522E+05 -2.208459E+04
  1.900000E+01     5     2  1.378676E+03  1.083304E+02
  1.900000E+01     5     3  2.841080E+02 -7.905174E+00
  1.900000E+01     5     4  3.140849E+04  1.162017E+03
  1.900000E+01     5     5  2.545162E+07  1.928051E+05
  1.900000E+01     5     6 -2.689455E+04 -2.984782E+02
  1.900000E+01     6     1  3.783405E+02  4.286765E+01
  1.900000E+01     6     2  3.403162E+02  2.145355E+01
  1.900000E+01     6     3  5.474717E+02 -2.661118E+01
  1.900000E+01     6     4  1.600890E+04  1.638550E+02
  1.900000E+01     6     5 -1.618913E+04 -3.481297E+02
  1.900000E+01     6     6  7.643626E+07  4.359553E+04
  2.000000E+01     1     1  3.297655E+04  2.430042E+03
  2.000000E+01     1     2  3.159553E+01  2.098300E+00
  2.000000E+01     1     3  3.442437E+00  3.032303E-02
  2.000000E+01     1     4 -2.653336E+02 -7.079262E+00
  2.000000E+01     1     5 -3.637137E+05 -1.773890E+04
  2.000000E+01     1     6  3.299603E+02  2.919626E+01
  2.000000E+01     2     1 -8.543223E+00 -1.072265E+00
  2.000000E+01     2     2  3.296594E+04  2.430023E+03
  2.000000E+01     2     3 -8.271848E-01 -1.867225E-01
  2.000000E+01     2     4  3.640467E+05  1.775309E+04
  2.000000E+01     2     5 -1.930868E+02  4.680923E+00
  2.000000E+01     2     6  4.690591E+02  3.411319E+01
  2.000000E+01     3     1  1.039652E+01  2.984902E-01
  2.000000E+01     3     2 -3.255499E+00 -2.292242E-01
  2.000000E+01     3     3  2.359377E+04  3.581283E+02
  2.000000E+01     3     4 -2.683605E+02  4.716967E+00
  2.000000E+01     3     5  1.130478E+02  2.317607E-01
  2.000000E+01     3     6 -2.222298E+03  2.291052E+01
  2.000000E+01     4     1  9.862907E+02  3.551530E+01
  2.000000E+01     4     2  3.691209E+05  1.835588E+04
  2.000000E+01     4     3 -2.634810E+02 -1.248413E+00
  2.000000E+01     4     4  2.528810E+07  1.493442E+05
  2.000000E+01     4     5 -1.897743E+04 -3.421968E+02
  2.000000E+01     4     6  2.535932E+04  2.743637E+02
  2.000000E+01     5     1 -3.683690E+05 -1.828536E+04
  2.000000E+01     5     2  1.373199E+03  9.689989E+01
  2.000000E+01     5     3  2.856890E+02 -8.272141E+00
  2.000000E+01     5     4  3.092309E+04  9.383788E+02
  2.000000E+01     5     5  2.529435E+07  1.487064E+05
  2.000000E+01     5     6 -2.663733E+04 -2.343977E+02
  2.000000E+01     6     1  3.756972E+02  3.747723E+01
  2.000000E+01     6     2  3.378527E+02  1.864203E+01
  2.000000E+01     6     3  5.309326E+02 -2.790715E+01
  2.000000E+01     6     4  1.583480E+04  1.301805E+02
  2.000000E+01     6     5 -1.596320E+04 -2.798874E+02
  2.000000E+01     6     6  7.603713E+07  2.994200E+04
  2.100000E+01     1     1  3.291504E+04  2.201221E+03
  2.100000E+01     1     2  3.114306E+01  1.906863E+00
  2.100000E+01     1     3  3.375606E+00  6.410599E-03
  2.100000E+01     1     4 -2.614282E+02 -5.719343E+00
  2.100000E+01     1     5 -3.607368E+05 -1.485338E+04
  2.100000E+01     1     6  3.278912E+02  2.541488E+01
  2.100000E+01     2     1 -8.155142E+00 -9.405144E-01
  2.100000E+01     2     2  3.290446E+04  2.201162E+03
  2.100000E+01     2     3 -6.865531E-01 -1.406424E-01
  2.100000E+01     2     4  3.610672E+05  1.486574E+04
  2.100000E+01     2     5 -1.983082E+02  3.722483E+00
  2.100000E+01     2     6  4.652332E+02  2.965410E+01
  2.100000E+01     3     1  1.041226E+01  2.831199E-01
  2.100000E+01     3     2 -3.108685E+00 -1.932087E-01
  2.100000E+01     3     3  2.351037E+04  4.735818E+02
  2.100000E+01     3     4 -2.588458E+02  5.131941E+00
  2.100000E+01     3     5  1.154473E+02  1.963679E-01
  2.100000E+01     3     6 -2.200413E+03  2.405774E+01
  2.100000E+01     4     1  9.872343E+02  3.243140E+01
  2.100000E+01     4     2  3.660147E+05  1.538438E+04
  2.100000E+01     4     3 -2.554526E+02 -7.708130E-01
  2.100000E+01     4     4  2.515726E+07  1.173453E+05
  2.100000E+01     4     5 -1.909281E+04 -2.860874E+02
  2.100000E+01     4     6  2.495070E+04  2.191284E+02
  2.100000E+01     5     1 -3.652685E+05 -1.532096E+04
  2.100000E+01     5     2  1.368028E+03  8.721107E+01
  2.100000E+01     5     3  2.866092E+02 -8.430260E+00
  2.100000E+01     5     4  3.051961E+04  7.701488E+02
  2.100000E+01     5     5  2.516359E+07  1.168180E+05
  2.100000E+01     5     6 -2.641408E+04 -1.875662E+02
  2.100000E+01     6     1  3.722137E+02  3.290436E+01
  2.100000E+01     6     2  3.359046E+02  1.634392E+01
  2.100000E+01     6     3  5.173059E+02 -2.805945E+01
  2.100000E+01     6     4  1.568551E+04  1.059121E+02
  2.100000E+01     6     5 -1.577588E+04 -2.269417E+02
  2.100000E+01     6     6  7.570881E+07  2.108022E+04
  2.200000E+01     1     1  3.285084E+04  2.001845E+03
  2.200000E+01     1     2  3.075782E+01  1.738131E+00
  2.200000E+01     1     3  3.320770E+00 -1.023436E-02
  2.200000E+01     1     4 -2.583099E+02 -4.689262E+00
  2.200000E+01     1     5 -3.580993E+05 -1.257279E+04
  2.200000E+01     1     6  3.273145E+02  2.232759E+01
  2.200000E+01     2     1 -7.813100E+00 -8.307668E-01
  2.200000E+01     2     2  3.284018E+04  2.001754E+03
  2.200000E+01     2     3 -5.670493E-01 -1.063275E-01
  2.200000E+01     2     4  3.584277E+05  1.258367E+04
  2.200000E+01     2     5 -2.028409E+02  2.989430E+00
  2.200000E+01     2     6  4.618700E+02  2.603508E+01
  2.200000E+01     3     1  1.041387E+01  2.666698E-01
  2.200000E+01     3     2 -2.986345E+00 -1.636851E-01
  2.200000E+01     3     3  2.345405E+04  5.854529E+02
  2.200000E+01     3     4 -2.511810E+02  5.362298E+00
  2.200000E+01     3     5  1.174191E+02  1.306424E-01
  2.200000E+01     3     6 -2.182025E+03  2.439494E+01
  2.200000E+01     4     1  9.880026E+02  2.970429E+01
  2.200000E+01     4     2  3.632667E+05  1.303484E+04
  2.200000E+01     4     3 -2.488921E+02 -4.916077E-01
  2.200000E+01     4     4  2.504741E+07  9.372222E+04
  2.200000E+01     4     5 -1.918057E+04 -2.408994E+02
  2.200000E+01     4     6  2.461135E+04  1.786166E+02
  2.200000E+01     5     1 -3.625262E+05 -1.297769E+04
  2.200000E+01     5     2  1.363060E+03  7.887346E+01
  2.200000E+01     5     3  2.876011E+02 -8.365479E+00
  2.200000E+01     5     4  3.018242E+04  6.400884E+02
  2.200000E+01     5     5  2.505386E+07  9.328027E+04
  2.200000E+01     5     6 -2.624291E+04 -1.532389E+02
  2.200000E+01     6     1  3.691382E+02  2.919913E+01
  2.200000E+01     6     2  3.337839E+02  1.445734E+01
  2.200000E+01     6     3  5.059188E+02 -2.769687E+01
  2.200000E+01     6     4  1.557200E+04  8.672278E+01
  2.200000E+01     6     5 -1.563120E+04 -1.881965E+02
  2.200000E+01     6     6  7.543470E+07  1.516469E+04
  2.300000E+01     1     1  3.278628E+04  1.827472E+03
  2.300000E+01     1     2  3.042343E+01  1.590507E+00
  2.300000E+01     1     3  3.271445E+00 -2.030802E-02
  2.300000E+01     1     4 -2.555142E+02 -3.905861E+00
  2.300000E+01     1     5 -3.557674E+05 -1.074821E+04
  2.300000E+01     1     6  3.258856E+02  1.975847E+01
  2.300000E+01     2     1 -7.519961E+00 -7.398438E-01
  2.300000E+01     2     2  3.277567E+04  1.827362E+03
  2.300000E+01     2     3 -4.683326E-01 -8.174419E-02
  2.300000E+01     2     4  3.560942E+05  1.075787E+04
  2.300000E+01     2     5 -2.067635E+02  2.416243E+00
  2.300000E+01     2     6  4.593433E+02  2.303208E+01
  2.300000E+01     3     1  1.042179E+01  2.514074E-01
  2.300000E+01     3     2 -2.872982E+00 -1.407781E-01
  2.300000E+01     3     3  2.341886E+04  6.916777E+02
  2.300000E+01     3     4 -2.449794E+02  5.414579E+00
  2.300000E+01     3     5  1.193676E+02  1.648872E-02
  2.300000E+01     3     6 -2.166708E+03  2.422312E+01
  2.300000E+01     4     1  9.885980E+02  2.727486E+01
  2.300000E+01     4     2  3.608402E+05  1.115417E+04
  2.300000E+01     4     3 -2.426805E+02 -3.609924E-01
  2.300000E+01     4     4  2.495426E+07  7.595623E+04
  2.300000E+01     4     5 -1.926058E+04 -2.055657E+02
  2.300000E+01     4     6  2.433347E+04  1.476088E+02
  2.300000E+01     5     1 -3.601039E+05 -1.110228E+04
  2.300000E+01     5     2  1.358734E+03  7.169224E+01
  2.300000E+01     5     3  2.883517E+02 -8.297615E+00
  2.300000E+01     5     4  2.987971E+04  5.391630E+02
  2.300000E+01     5     5  2.496085E+07  7.558193E+04
  2.300000E+01     5     6 -2.610465E+04 -1.262046E+02
  2.300000E+01     6     1  3.662805E+02  2.612595E+01
  2.300000E+01     6     2  3.318338E+02  1.284093E+01
  2.300000E+01     6     3  4.964106E+02 -2.674567E+01
  2.300000E+01     6     4  1.544972E+04  7.309485E+01
  2.300000E+01     6     5 -1.549744E+04 -1.581033E+02
  2.300000E+01     6     6  7.520298E+07  1.111898E+04
