# Max force at time 59.590s, unit count = 6
7.956439e+05 -6.401034e+06 7.720394e+05 -4.237459e+05 6.755784e+06 -4.159978e+05
1.408154e+06 6.053816e+04 -1.417447e+06 -1.513166e+06 -1.738649e+05 1.286402e+06
-6.471528e+06 -8.970216e+06 -6.520709e+06 6.917950e+07 7.156508e+07 6.929789e+07
-5.283475e+03 -1.798036e+03 1.636304e+03 1.958641e+09 -3.138991e+05 -1.962910e+09
1.711806e+04 1.221065e+04 1.753771e+04 -1.102431e+09 2.517161e+09 -1.101149e+09
3.522509e+02 5.802953e+02 6.454284e+02 4.147266e+07 2.893695e+06 -4.377127e+07
-7.956439e+05 6.401034e+06 -7.720394e+05 4.237459e+05 -6.755784e+06 4.159978e+05
-1.408154e+06 -6.053816e+04 1.417447e+06 1.513166e+06 1.738649e+05 -1.286402e+06
6.471528e+06 8.970216e+06 6.520709e+06 -6.917950e+07 -7.156508e+07 -6.929789e+07
1.253526e+08 1.369716e+06 -1.269452e+08 -1.253641e+08 -1.372675e+06 1.269487e+08
-7.917604e+07 2.969526e+08 -7.898283e+07 7.920717e+07 -2.969236e+08 7.901468e+07
3.394210e+06 7.891292e+05 -2.837645e+06 -3.393556e+06 -7.880712e+05 2.838818e+06
